degree , time ,
1 , 0 ,
2 , 0 ,
3 , 0 ,
4 , 0 ,
5 , 0 ,
6 , 0 ,
7 , 0 ,
8 , 0 ,
9 , 0 ,
10 , 0 ,
11 , 0 ,
12 , 0 ,
13 , 0 ,
14 , 0 ,
15 , 0 ,
16 , 0 ,
17 , 0 ,
18 , 0 ,
19 , 0 ,
20 , 0 ,
22 , 0 ,
24 , 0 ,
26 , 0 ,
28 , 0 ,
30 , 0 ,
33 , 0 ,
36 , 0 ,
39 , 0 ,
42 , 0 ,
46 , 0 ,
50 , 0 ,
55 , 0 ,
60 , 0 ,
66 , 0 ,
72 , 0 ,
79 , 0 ,
86 , 0 ,
94 , 0 ,
103 , 0 ,
113 , 0 ,
124 , 0 ,
136 , 0 ,
149 , 0 ,
163 , 0 ,
179 , 0 ,
196 , 1 ,
215 , 1 ,
236 , 0 ,
259 , 0 ,
284 , 1 ,
312 , 2 ,
343 , 1 ,
377 , 2 ,
414 , 2 ,
455 , 3 ,

