degree , time ,
1 , 0 ,
2 , 0 ,
3 , 0 ,
4 , 0 ,
5 , 0 ,
6 , 0 ,
7 , 0 ,
8 , 0 ,
9 , 0 ,
10 , 1 ,
11 , 0 ,
12 , 0 ,
13 , 0 ,
14 , 0 ,
15 , 1 ,
16 , 1 ,
17 , 0 ,
18 , 0 ,
19 , 0 ,
20 , 0 ,
22 , 0 ,
24 , 0 ,
26 , 1 ,
28 , 0 ,
30 , 1 ,
33 , 1 ,
36 , 1 ,
39 , 2 ,
42 , 2 ,
46 , 2 ,
50 , 4 ,
55 , 3 ,
60 , 2 ,
66 , 2 ,
72 , 3 ,
79 , 2 ,
86 , 3 ,
94 , 3 ,
103 , 3 ,
113 , 5 ,
124 , 5 ,
136 , 10 ,
149 , 7 ,
163 , 7 ,
179 , 11 ,
196 , 10 ,
215 , 9 ,
236 , 9 ,
259 , 8 ,
284 , 8 ,
312 , 9 ,
343 , 10 ,
377 , 11 ,
414 , 12 ,
455 , 13 ,

